1 1 1
2 2 1
3 3 1
1 1 3
2 2 4
3 3 3
1 1 5
2 2 6
3 3 5
1 1 8
2 2 7
3 3 7
1 1 10
2 2 10
3 3 9
1 1 12
2 2 12
3 3 12
1 1 13
2 2 13
3 3 14
1 1 15
2 2 15
3 3 16
1 1 17
2 2 17
3 3 17
1 1 19
2 2 19
3 3 19
1 1 22
2 2 22
3 3 21
1 1 23
2 2 24
3 3 24
1 1 25
2 2 26
3 3 26
1 1 28
2 2 27
3 3 28
1 1 29
2 2 29
3 3 29
1 1 31
2 2 31
3 3 32
1 1 33
2 2 33
3 3 33
1 1 35
2 2 35
3 3 35
1 1 38
2 2 38
3 3 37
1 1 40
2 2 40
3 3 39
1 1 42
2 2 42
3 3 41
1 1 43
2 2 44
3 3 43
1 1 45
2 2 45
3 3 45
1 1 47
2 2 47
3 3 48
1 1 49
2 2 49
3 3 49
1 1 51
2 2 52
3 3 51
1 1 53
2 2 54
3 3 53
1 1 55
2 2 55
3 3 55
1 1 57
2 2 57
3 3 57
1 1 60
2 2 60
3 3 59
1 1 61
2 2 62
3 3 61
1 1 63
2 2 63
3 3 63
1 1 65
2 2 65
3 3 65
1 1 67
2 2 68
3 3 67
1 1 69
2 2 70
3 3 69
1 1 72
2 2 71
3 3 71
1 1 74
2 2 74
3 3 73
1 1 76
2 2 76
3 3 76
1 1 77
2 2 77
3 3 78
1 1 79
2 2 79
3 3 80
1 1 81
2 2 81
3 3 81
1 1 83
2 2 83
3 3 83
1 1 86
2 2 86
3 3 85
1 1 87
2 2 88
3 3 88
1 1 89
2 2 90
3 3 90
1 1 92
2 2 91
3 3 92
1 1 93
2 2 93
3 3 93
1 1 95
2 2 95
3 3 96
1 1 97
2 2 97
3 3 97
1 1 99
2 2 99
3 3 99
1 1 102
2 2 102
3 3 101
1 1 104
2 2 104
3 3 103
1 1 106
2 2 106
3 3 105
1 1 107
2 2 108
3 3 107
1 1 109
2 2 109
3 3 109
1 1 111
2 2 111
3 3 112
1 1 113
2 2 113
3 3 113
1 1 115
2 2 116
3 3 115
1 1 117
2 2 118
3 3 117
1 1 119
2 2 119
3 3 119
1 1 121
2 2 121
3 3 121
1 1 124
2 2 124
3 3 123
1 1 125
2 2 126
3 3 125
1 1 127
2 2 127
3 3 127
1 1 129
2 2 129
3 3 129
1 1 131
2 2 132
3 3 131
1 1 133
2 2 134
3 3 133
1 1 136
2 2 135
3 3 135
1 1 138
2 2 138
3 3 137
1 1 140
2 2 140
3 3 140
1 1 141
2 2 141
3 3 142
1 1 143
2 2 143
3 3 144
1 1 145
2 2 145
3 3 145
1 1 147
2 2 147
3 3 147
1 1 150
2 2 150
3 3 149
1 1 151
2 2 152
3 3 152
1 1 153
2 2 154
3 3 154
1 1 156
2 2 155
3 3 156
1 1 157
2 2 157
3 3 157
1 1 159
2 2 159
3 3 160
1 1 161
2 2 161
3 3 161
1 1 163
2 2 163
3 3 163
1 1 166
2 2 166
3 3 165
1 1 168
2 2 168
3 3 167
1 1 170
2 2 170
3 3 169
1 1 171
2 2 172
3 3 171
1 1 173
2 2 173
3 3 173
1 1 175
2 2 175
3 3 176
1 1 177
2 2 177
3 3 177
1 1 179
2 2 180
3 3 179
1 1 181
2 2 182
3 3 181
1 1 183
2 2 183
3 3 183
1 1 185
2 2 185
3 3 185
1 1 188
2 2 188
3 3 187
1 1 189
2 2 190
3 3 189
1 1 191
2 2 191
3 3 191
1 1 193
2 2 193
3 3 193
1 1 195
2 2 196
3 3 195
1 1 197
2 2 198
3 3 197
1 1 200
2 2 199
3 3 199
1 1 202
2 2 202
3 3 201
1 1 204
2 2 204
3 3 204
1 1 205
2 2 205
3 3 206
1 1 207
2 2 207
3 3 208
1 1 209
2 2 209
3 3 209
1 1 211
2 2 211
3 3 211
1 1 214
2 2 214
3 3 213
1 1 215
2 2 216
3 3 216
1 1 217
2 2 218
3 3 218
1 1 220
2 2 219
3 3 220
1 1 221
2 2 221
3 3 221
1 1 223
2 2 223
3 3 224
1 1 225
2 2 225
3 3 225
1 1 227
2 2 227
3 3 227
1 1 230
2 2 230
3 3 229
1 1 232
2 2 232
3 3 231
1 1 234
2 2 234
3 3 233
1 1 235
2 2 236
3 3 235
1 1 237
2 2 237
3 3 237
1 1 239
2 2 239
3 3 240
1 1 241
2 2 241
3 3 241
1 1 243
2 2 244
3 3 243
1 1 245
2 2 246
3 3 245
1 1 247
2 2 247
3 3 247
1 1 249
2 2 249
3 3 249
1 1 252
2 2 252
3 3 251
1 1 253
2 2 254
3 3 253
1 1 255
2 2 255
3 3 255
1 1 257
2 2 257
3 3 257
1 1 259
2 2 260
3 3 259
1 1 261
2 2 262
3 3 261
1 1 264
2 2 263
3 3 263
1 1 266
2 2 266
3 3 265
1 1 268
2 2 268
3 3 268
1 1 269
2 2 269
3 3 270
1 1 271
2 2 271
3 3 272
1 1 273
2 2 273
3 3 273
1 1 275
2 2 275
3 3 275
1 1 278
2 2 278
3 3 277
1 1 279
2 2 280
3 3 280
1 1 281
2 2 282
3 3 282
1 1 284
2 2 283
3 3 284
1 1 285
2 2 285
3 3 285
1 1 287
2 2 287
3 3 288
1 1 289
2 2 289
3 3 289
1 1 291
2 2 291
3 3 291
1 1 294
2 2 294
3 3 293
1 1 296
2 2 296
3 3 295
1 1 298
2 2 298
3 3 297
1 1 299
2 2 300
3 3 299
1 1 301
2 2 301
3 3 301
1 1 303
2 2 303
3 3 304
1 1 305
2 2 305
3 3 305
1 1 307
2 2 308
3 3 307
1 1 309
2 2 310
3 3 309
1 1 311
2 2 311
3 3 311
1 1 313
2 2 313
3 3 313
1 1 316
2 2 316
3 3 315
1 1 317
2 2 318
3 3 317
1 1 319
2 2 319
3 3 319
1 1 321
2 2 321
3 3 321
1 1 323
2 2 324
3 3 323
1 1 325
2 2 326
3 3 325
1 1 328
2 2 327
3 3 327
1 1 330
2 2 330
3 3 329
1 1 332
2 2 332
3 3 332
1 1 333
2 2 333
3 3 334
1 1 335
2 2 335
3 3 336
1 1 337
2 2 337
3 3 337
1 1 339
2 2 339
3 3 339
1 1 342
2 2 342
3 3 341
1 1 343
2 2 344
3 3 344
1 1 345
2 2 346
3 3 346
1 1 348
2 2 347
3 3 348
1 1 349
2 2 349
3 3 349
1 1 351
2 2 351
3 3 352
1 1 353
2 2 353
3 3 353
1 1 355
2 2 355
3 3 355
1 1 358
2 2 358
3 3 357
1 1 360
2 2 360
3 3 359
1 1 362
2 2 362
3 3 361
1 1 363
2 2 364
3 3 363
1 1 365
2 2 365
3 3 365
1 1 367
2 2 367
3 3 368
1 1 369
2 2 369
3 3 369
1 1 371
2 2 372
3 3 371
1 1 373
2 2 374
3 3 373
1 1 375
2 2 375
3 3 375
1 1 377
2 2 377
3 3 377
1 1 380
2 2 380
3 3 379
1 1 381
2 2 382
3 3 381
1 1 383
2 2 383
3 3 383
1 1 385
2 2 385
3 3 385
1 1 387
2 2 388
3 3 387
1 1 389
2 2 390
3 3 389
1 1 392
2 2 391
3 3 391
1 1 394
2 2 394
3 3 393
1 1 396
2 2 396
3 3 396
1 1 397
2 2 397
3 3 398
1 1 399
2 2 399
3 3 400
1 1 401
2 2 401
3 3 401
1 1 403
2 2 403
3 3 403
1 1 406
2 2 406
3 3 405
1 1 407
2 2 408
3 3 408
1 1 409
2 2 410
3 3 410
1 1 412
2 2 411
3 3 412
1 1 413
2 2 413
3 3 413
1 1 415
2 2 415
3 3 416
1 1 417
2 2 417
3 3 417
1 1 419
2 2 419
3 3 419
1 1 422
2 2 422
3 3 421
1 1 424
2 2 424
3 3 423
1 1 426
2 2 426
3 3 425
1 1 427
2 2 428
3 3 427
1 1 429
2 2 429
3 3 429
1 1 431
2 2 431
3 3 432
1 1 433
2 2 433
3 3 433
1 1 435
2 2 436
3 3 435
1 1 437
2 2 438
3 3 437
1 1 439
2 2 439
3 3 439
1 1 441
2 2 441
3 3 441
1 1 444
2 2 444
3 3 443
1 1 445
2 2 446
3 3 445
1 1 447
2 2 447
3 3 447
1 1 449
2 2 449
3 3 449
1 1 451
2 2 452
3 3 451
1 1 453
2 2 454
3 3 453
1 1 456
2 2 455
3 3 455
1 1 458
2 2 458
3 3 457
1 1 460
2 2 460
3 3 460
1 1 461
2 2 461
3 3 462
1 1 463
2 2 463
3 3 464
1 1 465
2 2 465
3 3 465
1 1 467
2 2 467
3 3 467
1 1 470
2 2 470
3 3 469
1 1 471
2 2 472
3 3 472
1 1 473
2 2 474
3 3 474
1 1 476
2 2 475
3 3 476
1 1 477
2 2 477
3 3 477
1 1 479
2 2 479
3 3 480
1 1 481
2 2 481
3 3 481
1 1 483
2 2 483
3 3 483
1 1 486
2 2 486
3 3 485
1 1 488
2 2 488
3 3 487
1 1 490
2 2 490
3 3 489
1 1 491
2 2 492
3 3 491
1 1 493
2 2 493
3 3 493
1 1 495
2 2 495
3 3 496
1 1 497
2 2 497
3 3 497
1 1 499
2 2 500
3 3 499
1 1 501
2 2 502
3 3 501
1 1 503
2 2 503
3 3 503
1 1 505
2 2 505
3 3 505
1 1 508
2 2 508
3 3 507
1 1 509
2 2 510
3 3 509
1 1 511
2 2 511
3 3 511
1 1 513
2 2 513
3 3 513
1 1 515
2 2 516
3 3 515
1 1 517
2 2 518
3 3 517
1 1 520
2 2 519
3 3 519
1 1 522
2 2 522
3 3 521
1 1 524
2 2 524
3 3 524
1 1 525
2 2 525
3 3 526
1 1 527
2 2 527
3 3 528
1 1 529
2 2 529
3 3 529
1 1 531
2 2 531
3 3 531
1 1 534
2 2 534
3 3 533
1 1 535
2 2 536
3 3 536
1 1 537
2 2 538
3 3 538
1 1 540
2 2 539
3 3 540
1 1 541
2 2 541
3 3 541
1 1 543
2 2 543
3 3 544
1 1 545
2 2 545
3 3 545
1 1 547
2 2 547
3 3 547
1 1 550
2 2 550
3 3 549
1 1 552
2 2 552
3 3 551
1 1 554
2 2 554
3 3 553
1 1 555
2 2 556
3 3 555
1 1 557
2 2 557
3 3 557
1 1 559
2 2 559
3 3 560
1 1 561
2 2 561
3 3 561
1 1 563
2 2 564
3 3 563
1 1 565
2 2 566
3 3 565
1 1 567
2 2 567
3 3 567
1 1 569
2 2 569
3 3 569
1 1 572
2 2 572
3 3 571
1 1 573
2 2 574
3 3 573
1 1 575
2 2 575
3 3 575
1 1 577
2 2 577
3 3 577
1 1 579
2 2 580
3 3 579
1 1 581
2 2 582
3 3 581
1 1 584
2 2 583
3 3 583
1 1 586
2 2 586
3 3 585
1 1 588
2 2 588
3 3 588
1 1 589
2 2 589
3 3 590
1 1 591
2 2 591
3 3 592
1 1 593
2 2 593
3 3 593
1 1 595
2 2 595
3 3 595
1 1 598
2 2 598
3 3 597
1 1 599
2 2 600
3 3 600
1 1 601
2 2 602
3 3 602
1 1 604
2 2 603
3 3 604
1 1 605
2 2 605
3 3 605
1 1 607
2 2 607
3 3 608
1 1 609
2 2 609
3 3 609
1 1 611
2 2 611
3 3 611
1 1 614
2 2 614
3 3 613
1 1 616
2 2 616
3 3 615
1 1 618
2 2 618
3 3 617
1 1 619
2 2 620
3 3 619
1 1 621
2 2 621
3 3 621
1 1 623
2 2 623
3 3 624
1 1 625
2 2 625
3 3 625
1 1 627
2 2 628
3 3 627
1 1 629
2 2 630
3 3 629
1 1 631
2 2 631
3 3 631
1 1 633
2 2 633
3 3 633
1 1 636
2 2 636
3 3 635
1 1 637
2 2 638
3 3 637
1 1 639
2 2 639
3 3 639
1 1 641
2 2 641
3 3 641
1 1 643
2 2 644
3 3 643
1 1 645
2 2 646
3 3 645
1 1 648
2 2 647
3 3 647
1 1 650
2 2 650
3 3 649
1 1 652
2 2 652
3 3 652
1 1 653
2 2 653
3 3 654
1 1 655
2 2 655
3 3 656
1 1 657
2 2 657
3 3 657
1 1 659
2 2 659
3 3 659
1 1 662
2 2 662
3 3 661
1 1 663
2 2 664
3 3 664
1 1 665
2 2 666
3 3 666
1 1 668
2 2 667
3 3 668
1 1 669
2 2 669
3 3 669
1 1 671
2 2 671
3 3 672
1 1 673
2 2 673
3 3 673
1 1 675
2 2 675
3 3 675
1 1 678
2 2 678
3 3 677
1 1 680
2 2 680
3 3 679
1 1 682
2 2 682
3 3 681
1 1 683
2 2 684
3 3 683
1 1 685
2 2 685
3 3 685
1 1 687
2 2 687
3 3 688
1 1 689
2 2 689
3 3 689
1 1 691
2 2 692
3 3 691
1 1 693
2 2 694
3 3 693
1 1 695
2 2 695
3 3 695
1 1 697
2 2 697
3 3 697
1 1 700
2 2 700
3 3 699
1 1 701
2 2 702
3 3 701
1 1 703
2 2 703
3 3 703
1 1 705
2 2 705
3 3 705
1 1 707
2 2 708
3 3 707
1 1 709
2 2 710
3 3 709
1 1 712
2 2 711
3 3 711
1 1 714
2 2 714
3 3 713
1 1 716
2 2 716
3 3 716
1 1 717
2 2 717
3 3 718
1 1 719
2 2 719
3 3 720
1 1 721
2 2 721
3 3 721
1 1 723
2 2 723
3 3 723
1 1 726
2 2 726
3 3 725
1 1 727
2 2 728
3 3 728
1 1 729
2 2 730
3 3 730
1 1 732
2 2 731
3 3 732
1 1 733
2 2 733
3 3 733
1 1 735
2 2 735
3 3 736
1 1 737
2 2 737
3 3 737
1 1 739
2 2 739
3 3 739
1 1 742
2 2 742
3 3 741
1 1 744
2 2 744
3 3 743
1 1 746
2 2 746
3 3 745
1 1 747
2 2 748
3 3 747
1 1 749
2 2 749
3 3 749
1 1 751
2 2 751
3 3 752
1 1 753
2 2 753
3 3 753
1 1 755
2 2 756
3 3 755
1 1 757
2 2 758
3 3 757
1 1 759
2 2 759
3 3 759
1 1 761
2 2 761
3 3 761
1 1 764
2 2 764
3 3 763
1 1 765
2 2 766
3 3 765
1 1 767
2 2 767
3 3 767
1 1 769
2 2 769
3 3 769
1 1 771
2 2 772
3 3 771
1 1 773
2 2 774
3 3 773
1 1 776
2 2 775
3 3 775
1 1 778
2 2 778
3 3 777
1 1 780
2 2 780
3 3 780
1 1 781
2 2 781
3 3 782
1 1 783
2 2 783
3 3 784
1 1 785
2 2 785
3 3 785
1 1 787
2 2 787
3 3 787
1 1 790
2 2 790
3 3 789
1 1 791
2 2 792
3 3 792
1 1 793
2 2 794
3 3 794
1 1 796
2 2 795
3 3 796
1 1 797
2 2 797
3 3 797
1 1 799
2 2 799
3 3 800
1 1 801
2 2 801
3 3 801
1 1 803
2 2 803
3 3 803
1 1 806
2 2 806
3 3 805
1 1 808
2 2 808
3 3 807
1 1 810
2 2 810
3 3 809
1 1 811
2 2 812
3 3 811
1 1 813
2 2 813
3 3 813
1 1 815
2 2 815
3 3 816
1 1 817
2 2 817
3 3 817
1 1 819
2 2 820
3 3 819
1 1 821
2 2 822
3 3 821
1 1 823
2 2 823
3 3 823
1 1 825
2 2 825
3 3 825
1 1 828
2 2 828
3 3 827
1 1 829
2 2 830
3 3 829
1 1 831
2 2 831
3 3 831
1 1 833
2 2 833
3 3 833
1 1 835
2 2 836
3 3 835
1 1 837
2 2 838
3 3 837
1 1 840
2 2 839
3 3 839
1 1 842
2 2 842
3 3 841
1 1 844
2 2 844
3 3 844
1 1 845
2 2 845
3 3 846
1 1 847
2 2 847
3 3 848
1 1 849
2 2 849
3 3 849
1 1 851
2 2 851
3 3 851
1 1 854
2 2 854
3 3 853
1 1 855
2 2 856
3 3 856
1 1 857
2 2 858
3 3 858
1 1 860
2 2 859
3 3 860
1 1 861
2 2 861
3 3 861
1 1 863
2 2 863
3 3 864
1 1 865
2 2 865
3 3 865
1 1 867
2 2 867
3 3 867
1 1 870
2 2 870
3 3 869
1 1 872
2 2 872
3 3 871
1 1 874
2 2 874
3 3 873
1 1 875
2 2 876
3 3 875
1 1 877
2 2 877
3 3 877
1 1 879
2 2 879
3 3 880
1 1 881
2 2 881
3 3 881
1 1 883
2 2 884
3 3 883
1 1 885
2 2 886
3 3 885
1 1 887
2 2 887
3 3 887
1 1 889
2 2 889
3 3 889
1 1 892
2 2 892
3 3 891
1 1 893
2 2 894
3 3 893
1 1 895
2 2 895
3 3 895
1 1 897
2 2 897
3 3 897
1 1 899
2 2 900
3 3 899
1 1 901
2 2 902
3 3 901
1 1 904
2 2 903
3 3 903
1 1 906
2 2 906
3 3 905
1 1 908
2 2 908
3 3 908
1 1 909
2 2 909
3 3 910
1 1 911
2 2 911
3 3 912
1 1 913
2 2 913
3 3 913
1 1 915
2 2 915
3 3 915
1 1 918
2 2 918
3 3 917
1 1 919
2 2 920
3 3 920
1 1 921
2 2 922
3 3 922
1 1 924
2 2 923
3 3 924
1 1 925
2 2 925
3 3 925
1 1 927
2 2 927
3 3 928
1 1 929
2 2 929
3 3 929
1 1 931
2 2 931
3 3 931
1 1 934
2 2 934
3 3 933
1 1 936
2 2 936
3 3 935
1 1 938
2 2 938
3 3 937
1 1 939
2 2 940
3 3 939
1 1 941
2 2 941
3 3 941
1 1 943
2 2 943
3 3 944
1 1 945
2 2 945
3 3 945
1 1 947
2 2 948
3 3 947
1 1 949
2 2 950
3 3 949
1 1 951
2 2 951
3 3 951
1 1 953
2 2 953
3 3 953
1 1 956
2 2 956
3 3 955
1 1 957
2 2 958
3 3 957
1 1 959
2 2 959
3 3 959
1 1 961
2 2 961
3 3 961
1 1 963
2 2 964
3 3 963
1 1 965
2 2 966
3 3 965
1 1 968
2 2 967
3 3 967
1 1 970
2 2 970
3 3 969
1 1 972
2 2 972
3 3 972
1 1 973
2 2 973
3 3 974
1 1 975
2 2 975
3 3 976
1 1 977
2 2 977
3 3 977
1 1 979
2 2 979
3 3 979
1 1 982
2 2 982
3 3 981
1 1 983
2 2 984
3 3 984
1 1 985
2 2 986
3 3 986
1 1 988
2 2 987
3 3 988
1 1 989
2 2 989
3 3 989
1 1 991
2 2 991
3 3 992
1 1 993
2 2 993
3 3 993
1 1 995
2 2 995
3 3 995
1 1 998
2 2 998
3 3 997
1 1 1000
2 2 1000
3 3 999
1 1 1002
2 2 1002
3 3 1001
1 1 1003
2 2 1004
3 3 1003
1 1 1005
2 2 1005
3 3 1005
1 1 1007
2 2 1007
3 3 1008
1 1 1009
2 2 1009
3 3 1009
1 1 1011
2 2 1012
3 3 1011
1 1 1013
2 2 1014
3 3 1013
1 1 1015
2 2 1015
3 3 1015
1 1 1017
2 2 1017
3 3 1017
1 1 1020
2 2 1020
3 3 1019
1 1 1021
2 2 1022
3 3 1021
1 1 1023
2 2 1023
3 3 1023
1 1 1025
2 2 1025
3 3 1025
1 1 1027
2 2 1028
3 3 1027
1 1 1029
2 2 1030
3 3 1029
1 1 1032
2 2 1031
3 3 1031
1 1 1034
2 2 1034
3 3 1033
1 1 1036
2 2 1036
3 3 1036
1 1 1037
2 2 1037
3 3 1038
1 1 1039
2 2 1039
3 3 1040
1 1 1041
2 2 1041
3 3 1041
1 1 1043
2 2 1043
3 3 1043
1 1 1046
2 2 1046
3 3 1045
1 1 1047
2 2 1048
3 3 1048
1 1 1049
2 2 1050
3 3 1050
1 1 1052
2 2 1051
3 3 1052
1 1 1053
2 2 1053
3 3 1053
1 1 1055
2 2 1055
3 3 1056
1 1 1057
2 2 1057
3 3 1057
1 1 1059
2 2 1059
3 3 1059
1 1 1062
2 2 1062
3 3 1061
1 1 1064
2 2 1064
3 3 1063
1 1 1066
2 2 1066
3 3 1065
1 1 1067
2 2 1068
3 3 1067
1 1 1069
2 2 1069
3 3 1069
1 1 1071
2 2 1071
3 3 1072
1 1 1073
2 2 1073
3 3 1073
1 1 1075
2 2 1076
3 3 1075
1 1 1077
2 2 1078
3 3 1077
1 1 1079
2 2 1079
3 3 1079
1 1 1081
2 2 1081
3 3 1081
1 1 1084
2 2 1084
3 3 1083
1 1 1085
2 2 1086
3 3 1085
1 1 1087
2 2 1087
3 3 1087
1 1 1089
2 2 1089
3 3 1089
1 1 1091
2 2 1092
3 3 1091
1 1 1093
2 2 1094
3 3 1093
1 1 1096
2 2 1095
3 3 1095
1 1 1098
2 2 1098
3 3 1097
1 1 1100
2 2 1100
3 3 1100
1 1 1101
2 2 1101
3 3 1102
1 1 1103
2 2 1103
3 3 1104
1 1 1105
2 2 1105
3 3 1105
1 1 1107
2 2 1107
3 3 1107
1 1 1110
2 2 1110
3 3 1109
1 1 1111
2 2 1112
3 3 1112
1 1 1113
2 2 1114
3 3 1114
1 1 1116
2 2 1115
3 3 1116
1 1 1117
2 2 1117
3 3 1117
1 1 1119
2 2 1119
3 3 1120
1 1 1121
2 2 1121
3 3 1121
1 1 1123
2 2 1123
3 3 1123
1 1 1126
2 2 1126
3 3 1125
1 1 1128
2 2 1128
3 3 1127
1 1 1130
2 2 1130
3 3 1129
1 1 1131
2 2 1132
3 3 1131
1 1 1133
2 2 1133
3 3 1133
1 1 1135
2 2 1135
3 3 1136
1 1 1137
2 2 1137
3 3 1137
1 1 1139
2 2 1140
3 3 1139
1 1 1141
2 2 1142
3 3 1141
1 1 1143
2 2 1143
3 3 1143
1 1 1145
2 2 1145
3 3 1145
1 1 1148
2 2 1148
3 3 1147
1 1 1149
2 2 1150
3 3 1149
1 1 1151
2 2 1151
3 3 1151
1 1 1153
2 2 1153
3 3 1153
1 1 1155
2 2 1156
3 3 1155
1 1 1157
2 2 1158
3 3 1157
1 1 1160
2 2 1159
3 3 1159
1 1 1162
2 2 1162
3 3 1161
1 1 1164
2 2 1164
3 3 1164
1 1 1165
2 2 1165
3 3 1166
1 1 1167
2 2 1167
3 3 1168
1 1 1169
2 2 1169
3 3 1169
1 1 1171
2 2 1171
3 3 1171
1 1 1174
2 2 1174
3 3 1173
1 1 1175
2 2 1176
3 3 1176
1 1 1177
2 2 1178
3 3 1178
1 1 1180
2 2 1179
3 3 1180
1 1 1181
2 2 1181
3 3 1181
1 1 1183
2 2 1183
3 3 1184
1 1 1185
2 2 1185
3 3 1185
1 1 1187
2 2 1187
3 3 1187
1 1 1190
2 2 1190
3 3 1189
1 1 1192
2 2 1192
3 3 1191
1 1 1194
2 2 1194
3 3 1193
1 1 1195
2 2 1196
3 3 1195
1 1 1197
2 2 1197
3 3 1197
1 1 1199
2 2 1199
3 3 1200
1 1 1201
2 2 1201
3 3 1201
1 1 1203
2 2 1204
3 3 1203
1 1 1205
2 2 1206
3 3 1205
1 1 1207
2 2 1207
3 3 1207
1 1 1209
2 2 1209
3 3 1209
1 1 1212
2 2 1212
3 3 1211
1 1 1213
2 2 1214
3 3 1213
1 1 1215
2 2 1215
3 3 1215
1 1 1217
2 2 1217
3 3 1217
1 1 1219
2 2 1220
3 3 1219
1 1 1221
2 2 1222
3 3 1221
1 1 1224
2 2 1223
3 3 1223
1 1 1226
2 2 1226
3 3 1225
1 1 1228
2 2 1228
3 3 1228
1 1 1229
2 2 1229
3 3 1230
1 1 1231
2 2 1231
3 3 1232
1 1 1233
2 2 1233
3 3 1233
1 1 1235
2 2 1235
3 3 1235
1 1 1238
2 2 1238
3 3 1237
1 1 1239
2 2 1240
3 3 1240
1 1 1241
2 2 1242
3 3 1242
1 1 1244
2 2 1243
3 3 1244
1 1 1245
2 2 1245
3 3 1245
1 1 1247
2 2 1247
3 3 1248
1 1 1249
2 2 1249
3 3 1249
1 1 1251
2 2 1251
3 3 1251
1 1 1254
2 2 1254
3 3 1253
1 1 1256
2 2 1256
3 3 1255
1 1 1258
2 2 1258
3 3 1257
1 1 1259
2 2 1260
3 3 1259
1 1 1261
2 2 1261
3 3 1261
1 1 1263
2 2 1263
3 3 1264
1 1 1265
2 2 1265
3 3 1265
1 1 1267
2 2 1268
3 3 1267
1 1 1269
2 2 1270
3 3 1269
1 1 1271
2 2 1271
3 3 1271
1 1 1273
2 2 1273
3 3 1273
1 1 1276
2 2 1276
3 3 1275
1 1 1277
2 2 1278
3 3 1277
1 1 1279
2 2 1279
3 3 1279
1 1 1281
2 2 1281
3 3 1281
1 1 1283
2 2 1284
3 3 1283
1 1 1285
2 2 1286
3 3 1285
1 1 1288
2 2 1287
3 3 1287
1 1 1290
2 2 1290
3 3 1289
1 1 1292
2 2 1292
3 3 1292
1 1 1293
2 2 1293
3 3 1294
1 1 1295
2 2 1295
3 3 1296
1 1 1297
2 2 1297
3 3 1297
1 1 1299
2 2 1299
3 3 1299
1 1 1302
2 2 1302
3 3 1301
1 1 1303
2 2 1304
3 3 1304
1 1 1305
2 2 1306
3 3 1306
1 1 1308
2 2 1307
3 3 1308
1 1 1309
2 2 1309
3 3 1309
1 1 1311
2 2 1311
3 3 1312
1 1 1313
2 2 1313
3 3 1313
1 1 1315
2 2 1315
3 3 1315
1 1 1318
2 2 1318
3 3 1317
1 1 1320
2 2 1320
3 3 1319
1 1 1322
2 2 1322
3 3 1321
1 1 1323
2 2 1324
3 3 1323
1 1 1325
2 2 1325
3 3 1325
1 1 1327
2 2 1327
3 3 1328
1 1 1329
2 2 1329
3 3 1329
1 1 1331
2 2 1332
3 3 1331
1 1 1333
2 2 1334
3 3 1333
1 1 1335
2 2 1335
3 3 1335
1 1 1337
2 2 1337
3 3 1337
1 1 1340
2 2 1340
3 3 1339
1 1 1341
2 2 1342
3 3 1341
1 1 1343
2 2 1343
3 3 1343
1 1 1345
2 2 1345
3 3 1345
1 1 1347
2 2 1348
3 3 1347
1 1 1349
2 2 1350
3 3 1349
1 1 1352
2 2 1351
3 3 1351
1 1 1354
2 2 1354
3 3 1353
1 1 1356
2 2 1356
3 3 1356
1 1 1357
2 2 1357
3 3 1358
1 1 1359
2 2 1359
3 3 1360
1 1 1361
2 2 1361
3 3 1361
1 1 1363
2 2 1363
3 3 1363
1 1 1366
2 2 1366
3 3 1365
1 1 1367
2 2 1368
3 3 1368
1 1 1369
2 2 1370
3 3 1370
1 1 1372
2 2 1371
3 3 1372
1 1 1373
2 2 1373
3 3 1373
1 1 1375
2 2 1375
3 3 1376
1 1 1377
2 2 1377
3 3 1377
1 1 1379
2 2 1379
3 3 1379
1 1 1382
2 2 1382
3 3 1381
1 1 1384
2 2 1384
3 3 1383
1 1 1386
2 2 1386
3 3 1385
1 1 1387
2 2 1388
3 3 1387
1 1 1389
2 2 1389
3 3 1389
1 1 1391
2 2 1391
3 3 1392
1 1 1393
2 2 1393
3 3 1393
1 1 1395
2 2 1396
3 3 1395
1 1 1397
2 2 1398
3 3 1397
1 1 1399
2 2 1399
3 3 1399
1 1 1401
2 2 1401
3 3 1401
1 1 1404
2 2 1404
3 3 1403
1 1 1405
2 2 1406
3 3 1405
1 1 1407
2 2 1407
3 3 1407
1 1 1409
2 2 1409
3 3 1409
1 1 1411
2 2 1412
3 3 1411
1 1 1413
2 2 1414
3 3 1413
1 1 1416
2 2 1415
3 3 1415
1 1 1418
2 2 1418
3 3 1417
1 1 1420
2 2 1420
3 3 1420
1 1 1421
2 2 1421
3 3 1422
1 1 1423
2 2 1423
3 3 1424
1 1 1425
2 2 1425
3 3 1425
1 1 1427
2 2 1427
3 3 1427
1 1 1430
2 2 1430
3 3 1429
1 1 1431
2 2 1432
3 3 1432
1 1 1433
2 2 1434
3 3 1434
1 1 1436
2 2 1435
3 3 1436
1 1 1437
2 2 1437
3 3 1437
1 1 1439
2 2 1439
3 3 1440
1 1 1441
2 2 1441
3 3 1441
1 1 1443
2 2 1443
3 3 1443
1 1 1446
2 2 1446
3 3 1445
1 1 1448
2 2 1448
3 3 1447
1 1 1450
2 2 1450
3 3 1449
1 1 1451
2 2 1452
3 3 1451
1 1 1453
2 2 1453
3 3 1453
1 1 1455
2 2 1455
3 3 1456
1 1 1457
2 2 1457
3 3 1457
1 1 1459
2 2 1460
3 3 1459
1 1 1461
2 2 1462
3 3 1461
1 1 1463
2 2 1463
3 3 1463
1 1 1465
2 2 1465
3 3 1465
1 1 1468
2 2 1468
3 3 1467
1 1 1469
2 2 1470
3 3 1469
1 1 1471
2 2 1471
3 3 1471
1 1 1473
2 2 1473
3 3 1473
1 1 1475
2 2 1476
3 3 1475
1 1 1477
2 2 1478
3 3 1477
1 1 1480
2 2 1479
3 3 1479
1 1 1482
2 2 1482
3 3 1481
1 1 1484
2 2 1484
3 3 1484
1 1 1485
2 2 1485
3 3 1486
1 1 1487
2 2 1487
3 3 1488
1 1 1489
2 2 1489
3 3 1489
1 1 1491
2 2 1491
3 3 1491
1 1 1494
2 2 1494
3 3 1493
1 1 1495
2 2 1496
3 3 1496
1 1 1497
2 2 1498
3 3 1498
1 1 1500
2 2 1499
3 3 1500
1 1 1501
2 2 1501
3 3 1501
1 1 1503
2 2 1503
3 3 1504
1 1 1505
2 2 1505
3 3 1505
1 1 1507
2 2 1507
3 3 1507
1 1 1510
2 2 1510
3 3 1509
1 1 1512
2 2 1512
3 3 1511
1 1 1514
2 2 1514
3 3 1513
1 1 1515
2 2 1516
3 3 1515
1 1 1517
2 2 1517
3 3 1517
1 1 1519
2 2 1519
3 3 1520
1 1 1521
2 2 1521
3 3 1521
1 1 1523
2 2 1524
3 3 1523
1 1 1525
2 2 1526
3 3 1525
1 1 1527
2 2 1527
3 3 1527
1 1 1529
2 2 1529
3 3 1529
1 1 1532
2 2 1532
3 3 1531
1 1 1533
2 2 1534
3 3 1533
1 1 1535
2 2 1535
3 3 1535
1 1 1537
2 2 1537
3 3 1537
1 1 1539
2 2 1540
3 3 1539
1 1 1541
2 2 1542
3 3 1541
1 1 1544
2 2 1543
3 3 1543
1 1 1546
2 2 1546
3 3 1545
1 1 1548
2 2 1548
3 3 1548
1 1 1549
2 2 1549
3 3 1550
1 1 1551
2 2 1551
3 3 1552
1 1 1553
2 2 1553
3 3 1553
1 1 1555
2 2 1555
3 3 1555
1 1 1558
2 2 1558
3 3 1557
1 1 1559
2 2 1560
3 3 1560
1 1 1561
2 2 1562
3 3 1562
1 1 1564
2 2 1563
3 3 1564
1 1 1565
2 2 1565
3 3 1565
1 1 1567
2 2 1567
3 3 1568
1 1 1569
2 2 1569
3 3 1569
1 1 1571
2 2 1571
3 3 1571
1 1 1574
2 2 1574
3 3 1573
1 1 1576
2 2 1576
3 3 1575
1 1 1578
2 2 1578
3 3 1577
1 1 1579
2 2 1580
3 3 1579
1 1 1581
2 2 1581
3 3 1581
1 1 1583
2 2 1583
3 3 1584
1 1 1585
2 2 1585
3 3 1585
1 1 1587
2 2 1588
3 3 1587
1 1 1589
2 2 1590
3 3 1589
1 1 1591
2 2 1591
3 3 1591
1 1 1593
2 2 1593
3 3 1593
1 1 1596
2 2 1596
3 3 1595
1 1 1597
2 2 1598
3 3 1597
1 1 1599
2 2 1599
3 3 1599
1 1 1601
2 2 1601
3 3 1601
1 1 1603
2 2 1604
3 3 1603
1 1 1605
2 2 1606
3 3 1605
1 1 1608
2 2 1607
3 3 1607
1 1 1610
2 2 1610
3 3 1609
1 1 1612
2 2 1612
3 3 1612
1 1 1613
2 2 1613
3 3 1614
1 1 1615
2 2 1615
3 3 1616
1 1 1617
2 2 1617
3 3 1617
1 1 1619
2 2 1619
3 3 1619
1 1 1622
2 2 1622
3 3 1621
1 1 1623
2 2 1624
3 3 1624
1 1 1625
2 2 1626
3 3 1626
1 1 1628
2 2 1627
3 3 1628
1 1 1629
2 2 1629
3 3 1629
1 1 1631
2 2 1631
3 3 1632
1 1 1633
2 2 1633
3 3 1633
1 1 1635
2 2 1635
3 3 1635
1 1 1638
2 2 1638
3 3 1637
1 1 1640
2 2 1640
3 3 1639
1 1 1642
2 2 1642
3 3 1641
1 1 1643
2 2 1644
3 3 1643
1 1 1645
2 2 1645
3 3 1645
1 1 1647
2 2 1647
3 3 1648
1 1 1649
2 2 1649
3 3 1649
1 1 1651
2 2 1652
3 3 1651
1 1 1653
2 2 1654
3 3 1653
1 1 1655
2 2 1655
3 3 1655
1 1 1657
2 2 1657
3 3 1657
1 1 1660
2 2 1660
3 3 1659
1 1 1661
2 2 1662
3 3 1661
1 1 1663
2 2 1663
3 3 1663
1 1 1665
2 2 1665
3 3 1665
1 1 1666
2 2 1666
3 3 1666
1 1 1667
2 2 1667
3 3 1667
1 1 1668
2 2 1668
3 3 1668
1 1 1669
2 2 1669
3 3 1669
1 1 1670
2 2 1670
3 3 1670
1 1 1671
2 2 1671
3 3 1671
1 1 1672
2 2 1672
3 3 1672
1 1 1673
2 2 1673
3 3 1673
1 1 1674
2 2 1674
3 3 1674
1 1 1675
2 2 1675
3 3 1675
1 1 1676
2 2 1676
3 3 1676
1 1 1677
2 2 1677
3 3 1677
1 1 1678
2 2 1678
3 3 1678
1 1 1679
2 2 1679
3 3 1679
1 1 1680
2 2 1680
3 3 1680
1 1 1681
2 2 1681
3 3 1681
1 1 1682
2 2 1682
3 3 1682
1 1 1683
2 2 1683
3 3 1683
1 1 1684
2 2 1684
3 3 1684
1 1 1685
2 2 1685
3 3 1685
1 1 1686
2 2 1686
3 3 1686
1 1 1687
2 2 1687
3 3 1687
1 1 1688
2 2 1688
3 3 1688
1 1 1689
2 2 1689
3 3 1689
1 1 1690
2 2 1690
3 3 1690
1,2 1,2 1691
2,3 2,3 1691
1,2 1,2 1692
2,3 2,3 1692
1,2 1,2 1693
2,3 2,3 1693
1,2 1,2 1694
2,3 2,3 1694
1,2 1,2 1695
2,3 2,3 1695
1,2 1,2 1696
2,3 2,3 1696
1,2 1,2 1697
2,3 2,3 1697
1,2 1,2 1698
2,3 2,3 1698
1,2 1,2 1699
2,3 2,3 1699
1,2 1,2 1700
2,3 2,3 1700
1,2 1,2 1701
2,3 2,3 1701
1,2 1,2 1702
2,3 2,3 1702
1,2 1,2 1703
2,3 2,3 1703
1,2 1,2 1704
2,3 2,3 1704
1,2 1,2 1705
2,3 2,3 1705
1,2 1,2 1706
2,3 2,3 1706
1,2 1,2 1707
2,3 2,3 1707
1,2 1,2 1708
2,3 2,3 1708
1,2 1,2 1709
2,3 2,3 1709
1,2 1,2 1710
2,3 2,3 1710
1,2 1,2 1711
2,3 2,3 1711
1,2 1,2 1712
2,3 2,3 1712
1,2 1,2 1713
2,3 2,3 1713
1,2 1,2 1714
2,3 2,3 1714
1,2 1,2 1715
2,3 2,3 1715
1,2 1,2 1716
2,3 2,3 1716
1,2 1,2 1717
2,3 2,3 1717
1,2 1,2 1718
2,3 2,3 1718
1,2 1,2 1719
2,3 2,3 1719
1,2 1,2 1720
2,3 2,3 1720
1,2 1,2 1721
2,3 2,3 1721
1,2 1,2 1722
2,3 2,3 1722
1,2 1,2 1723
2,3 2,3 1723
1,2 1,2 1724
2,3 2,3 1724
1,2 1,2 1725
2,3 2,3 1725
1,2 1,2 1726
2,3 2,3 1726
1,2 1,2 1727
2,3 2,3 1727
1,2 1,2 1728
2,3 2,3 1728
1,2 1,2 1729
2,3 2,3 1729
1,2 1,2 1730
2,3 2,3 1730
1,2 1,2 1731
2,3 2,3 1731
1,2 1,2 1732
2,3 2,3 1732
1,2 1,2 1733
2,3 2,3 1733
1,2 1,2 1734
2,3 2,3 1734
1,2 1,2 1735
2,3 2,3 1735
1,2 1,2 1736
2,3 2,3 1736
1,2 1,2 1737
2,3 2,3 1737
1,2 1,2 1738
2,3 2,3 1738
1,2 1,2 1739
2,3 2,3 1739
1,2 1,2 1740
2,3 2,3 1740
1,2 1,2 1741
2,3 2,3 1741
1,2 1,2 1742
2,3 2,3 1742
1,2 1,2 1743
2,3 2,3 1743
1,2 1,2 1744
2,3 2,3 1744
1,2 1,2 1745
2,3 2,3 1745
1,2 1,2 1746
2,3 2,3 1746
1,2 1,2 1747
2,3 2,3 1747
1,2 1,2 1748
2,3 2,3 1748
1,2 1,2 1749
2,3 2,3 1749
1,2 1,2 1750
2,3 2,3 1750
1,2 1,2 1751
2,3 2,3 1751
1,2 1,2 1752
2,3 2,3 1752
1,2 1,2 1753
2,3 2,3 1753
1,2 1,2 1754
2,3 2,3 1754
1,2 1,2 1755
2,3 2,3 1755
1,2 1,2 1756
2,3 2,3 1756
1,2 1,2 1757
2,3 2,3 1757
1,2 1,2 1758
2,3 2,3 1758
1,2 1,2 1759
2,3 2,3 1759
1,2 1,2 1760
2,3 2,3 1760
1,2 1,2 1761
2,3 2,3 1761
1,2 1,2 1762
2,3 2,3 1762
1,2 1,2 1763
2,3 2,3 1763
1,2 1,2 1764
2,3 2,3 1764
1,2 1,2 1765
2,3 2,3 1765
1,2 1,2 1766
2,3 2,3 1766
1,2 1,2 1767
2,3 2,3 1767
1,2 1,2 1768
2,3 2,3 1768
1,2 1,2 1769
2,3 2,3 1769
1,2 1,2 1770
2,3 2,3 1770
1,2 1,2 1771
2,3 2,3 1771
1,2 1,2 1772
2,3 2,3 1772
1,2 1,2 1773
2,3 2,3 1773
1,2 1,2 1774
2,3 2,3 1774
1,2 1,2 1775
2,3 2,3 1775
1,2 1,2 1776
2,3 2,3 1776
1,2 1,2 1777
2,3 2,3 1777
1,2 1,2 1778
2,3 2,3 1778
1,2 1,2 1779
2,3 2,3 1779
1,2 1,2 1780
2,3 2,3 1780
1,2 1,2 1781
2,3 2,3 1781
1,2 1,2 1782
2,3 2,3 1782
1,2 1,2 1783
2,3 2,3 1783
1,2 1,2 1784
2,3 2,3 1784
1,2 1,2 1785
2,3 2,3 1785
1,2 1,2 1786
2,3 2,3 1786
1,2 1,2 1787
2,3 2,3 1787
1,2 1,2 1788
2,3 2,3 1788
1,2 1,2 1789
2,3 2,3 1789
1,2 1,2 1790
2,3 2,3 1790
1,2 1,2 1791
2,3 2,3 1791
1,2 1,2 1792
2,3 2,3 1792
1,2 1,2 1793
2,3 2,3 1793
1,2 1,2 1794
2,3 2,3 1794
1,2 1,2 1795
2,3 2,3 1795
1,2 1,2 1796
2,3 2,3 1796
1,2 1,2 1797
2,3 2,3 1797
1,2 1,2 1798
2,3 2,3 1798
1,2 1,2 1799
2,3 2,3 1799
1,2 1,2 1800
2,3 2,3 1800
1,2 1,2 1801
2,3 2,3 1801
1,2 1,2 1802
2,3 2,3 1802
1,2 1,2 1803
2,3 2,3 1803
1,2 1,2 1804
2,3 2,3 1804
1,2 1,2 1805
2,3 2,3 1805
1,2 1,2 1806
2,3 2,3 1806
1,2 1,2 1807
2,3 2,3 1807
1,2 1,2 1808
2,3 2,3 1808
1,2 1,2 1809
2,3 2,3 1809
1,2 1,2 1810
2,3 2,3 1810
1,2 1,2 1811
2,3 2,3 1811
1,2 1,2 1812
2,3 2,3 1812
1,2 1,2 1813
2,3 2,3 1813
1,2 1,2 1814
2,3 2,3 1814
1,2 1,2 1815
2,3 2,3 1815
1,2 1,2 1816
2,3 2,3 1816
1,2 1,2 1817
2,3 2,3 1817
1,2 1,2 1818
2,3 2,3 1818
1,2 1,2 1819
2,3 2,3 1819
1,2 1,2 1820
2,3 2,3 1820
1,2 1,2 1821
2,3 2,3 1821
1,2 1,2 1822
2,3 2,3 1822
1,2 1,2 1823
2,3 2,3 1823
1,2 1,2 1824
2,3 2,3 1824
1,2 1,2 1825
2,3 2,3 1825
1,2 1,2 1826
2,3 2,3 1826
1,2 1,2 1827
2,3 2,3 1827
1,2 1,2 1828
2,3 2,3 1828
1,2 1,2 1829
2,3 2,3 1829
1,2 1,2 1830
2,3 2,3 1830
1,2 1,2 1831
2,3 2,3 1831
1,2 1,2 1832
2,3 2,3 1832
1,2 1,2 1833
2,3 2,3 1833
1,2 1,2 1834
2,3 2,3 1834
1,2 1,2 1835
2,3 2,3 1835
1,2 1,2 1836
2,3 2,3 1836
1,2 1,2 1837
2,3 2,3 1837
1,2 1,2 1838
2,3 2,3 1838
1,2 1,2 1839
2,3 2,3 1839
1,2 1,2 1840
2,3 2,3 1840
1,2 1,2 1841
2,3 2,3 1841
1,2 1,2 1842
2,3 2,3 1842
1,2 1,2 1843
2,3 2,3 1843
1,2 1,2 1844
2,3 2,3 1844
1,2 1,2 1845
2,3 2,3 1845
1,2 1,2 1846
2,3 2,3 1846
1,2 1,2 1847
2,3 2,3 1847
1,2 1,2 1848
2,3 2,3 1848
1,2 1,2 1849
2,3 2,3 1849
1,2 1,2 1850
2,3 2,3 1850
1,2 1,2 1851
2,3 2,3 1851
1,2 1,2 1852
2,3 2,3 1852
1,2 1,2 1853
2,3 2,3 1853
1,2 1,2 1854
2,3 2,3 1854
1,2 1,2 1855
2,3 2,3 1855
1,2 1,2 1856
2,3 2,3 1856
1,2 1,2 1857
2,3 2,3 1857
1,2 1,2 1858
2,3 2,3 1858
1,2 1,2 1859
2,3 2,3 1859
1,2 1,2 1860
2,3 2,3 1860
1,2 1,2 1861
2,3 2,3 1861
1,2 1,2 1862
2,3 2,3 1862
1,2 1,2 1863
2,3 2,3 1863
1,2 1,2 1864
2,3 2,3 1864
1,2 1,2 1865
2,3 2,3 1865
1,2 1,2 1866
2,3 2,3 1866
1,2 1,2 1867
2,3 2,3 1867
1,2 1,2 1868
2,3 2,3 1868
1,2 1,2 1869
2,3 2,3 1869
1,2 1,2 1870
2,3 2,3 1870
1,2 1,2 1871
2,3 2,3 1871
1,2 1,2 1872
2,3 2,3 1872
1,2 1,2 1873
2,3 2,3 1873
1,2 1,2 1874
2,3 2,3 1874
1,2 1,2 1875
2,3 2,3 1875
1,2 1,2 1876
2,3 2,3 1876
1,2 1,2 1877
2,3 2,3 1877
1,2 1,2 1878
2,3 2,3 1878
1,2 1,2 1879
2,3 2,3 1879
1,2 1,2 1880
2,3 2,3 1880
1,2 1,2 1881
2,3 2,3 1881
1,2 1,2 1882
2,3 2,3 1882
1,2 1,2 1883
2,3 2,3 1883
1,2 1,2 1884
2,3 2,3 1884
1,2 1,2 1885
2,3 2,3 1885
1,2 1,2 1886
2,3 2,3 1886
1,2 1,2 1887
2,3 2,3 1887
1,2 1,2 1888
2,3 2,3 1888
1,2 1,2 1889
2,3 2,3 1889
1,2 1,2 1890
2,3 2,3 1890
1,2 1,2 1891
2,3 2,3 1891
1,2 1,2 1892
2,3 2,3 1892
1,2 1,2 1893
2,3 2,3 1893
1,2 1,2 1894
2,3 2,3 1894
1,2 1,2 1895
2,3 2,3 1895
1,2 1,2 1896
2,3 2,3 1896
1,2 1,2 1897
2,3 2,3 1897
1,2 1,2 1898
2,3 2,3 1898
1,2 1,2 1899
2,3 2,3 1899
1,2 1,2 1900
2,3 2,3 1900
1,2 1,2 1901
2,3 2,3 1901
1,2 1,2 1902
2,3 2,3 1902
1,2 1,2 1903
2,3 2,3 1903
1,2 1,2 1904
2,3 2,3 1904
1,2 1,2 1905
2,3 2,3 1905
1,2 1,2 1906
2,3 2,3 1906
1,2 1,2 1907
2,3 2,3 1907
1,2 1,2 1908
2,3 2,3 1908
1,2 1,2 1909
2,3 2,3 1909
1,2 1,2 1910
2,3 2,3 1910
1,2 1,2 1911
2,3 2,3 1911
1,2 1,2 1912
2,3 2,3 1912
1,2 1,2 1913
2,3 2,3 1913
1,2 1,2 1914
2,3 2,3 1914
1,2 1,2 1915
2,3 2,3 1915
1,2 1,2 1916
2,3 2,3 1916
1,2 1,2 1917
2,3 2,3 1917
1,2 1,2 1918
2,3 2,3 1918
1,2 1,2 1919
2,3 2,3 1919
1,2 1,2 1920
2,3 2,3 1920
1,2 1,2 1921
2,3 2,3 1921
1,2 1,2 1922
2,3 2,3 1922
1,2 1,2 1923
2,3 2,3 1923
1,2 1,2 1924
2,3 2,3 1924
1,2 1,2 1925
2,3 2,3 1925
1,2 1,2 1926
2,3 2,3 1926
1,2 1,2 1927
2,3 2,3 1927
1,2 1,2 1928
2,3 2,3 1928
1,2 1,2 1929
2,3 2,3 1929
1,2 1,2 1930
2,3 2,3 1930
1,2 1,2 1931
2,3 2,3 1931
1,2 1,2 1932
2,3 2,3 1932
1,2 1,2 1933
2,3 2,3 1933
1,2 1,2 1934
2,3 2,3 1934
1,2 1,2 1935
2,3 2,3 1935
1,2 1,2 1936
2,3 2,3 1936
1,2 1,2 1937
2,3 2,3 1937
1,2 1,2 1938
2,3 2,3 1938
1,2 1,2 1939
2,3 2,3 1939
1,2 1,2 1940
2,3 2,3 1940
1,2 1,2 1941
2,3 2,3 1941
1,2 1,2 1942
2,3 2,3 1942
1,2 1,2 1943
2,3 2,3 1943
1,2 1,2 1944
2,3 2,3 1944
1,2 1,2 1945
2,3 2,3 1945
1,2 1,2 1946
2,3 2,3 1946
1,2 1,2 1947
2,3 2,3 1947
1,2 1,2 1948
2,3 2,3 1948
1,2 1,2 1949
2,3 2,3 1949
1,2 1,2 1950
2,3 2,3 1950
1,2 1,2 1951
2,3 2,3 1951
1,2 1,2 1952
2,3 2,3 1952
1,2 1,2 1953
2,3 2,3 1953
1,2 1,2 1954
2,3 2,3 1954
1,2 1,2 1955
2,3 2,3 1955
1,2 1,2 1956
2,3 2,3 1956
1,2 1,2 1957
2,3 2,3 1957
1,2 1,2 1958
2,3 2,3 1958
1,2 1,2 1959
2,3 2,3 1959
1,2 1,2 1960
2,3 2,3 1960
1,2 1,2 1961
2,3 2,3 1961
1,2 1,2 1962
2,3 2,3 1962
1,2 1,2 1963
2,3 2,3 1963
1,2 1,2 1964
2,3 2,3 1964
1,2 1,2 1965
2,3 2,3 1965
1,2 1,2 1966
2,3 2,3 1966
1,2 1,2 1967
2,3 2,3 1967
1,2 1,2 1968
2,3 2,3 1968
1,2 1,2 1969
2,3 2,3 1969
1,2 1,2 1970
2,3 2,3 1970
1,2 1,2 1971
2,3 2,3 1971
1,2 1,2 1972
2,3 2,3 1972
1,2 1,2 1973
2,3 2,3 1973
1,2 1,2 1974
2,3 2,3 1974
1,2 1,2 1975
2,3 2,3 1975
1,2 1,2 1976
2,3 2,3 1976
1,2 1,2 1977
2,3 2,3 1977
1,2 1,2 1978
2,3 2,3 1978
1,2 1,2 1979
2,3 2,3 1979
1,2 1,2 1980
2,3 2,3 1980
1,2 1,2 1981
2,3 2,3 1981
1,2 1,2 1982
2,3 2,3 1982
1,2 1,2 1983
2,3 2,3 1983
1,2 1,2 1984
2,3 2,3 1984
1,2 1,2 1985
2,3 2,3 1985
1,2 1,2 1986
2,3 2,3 1986
1,2 1,2 1987
2,3 2,3 1987
1,2 1,2 1988
2,3 2,3 1988
1,2 1,2 1989
2,3 2,3 1989
1,2 1,2 1990
2,3 2,3 1990
1,2 1,2 1991
2,3 2,3 1991
1,2 1,2 1992
2,3 2,3 1992
1,2 1,2 1993
2,3 2,3 1993
1,2 1,2 1994
2,3 2,3 1994
1,2 1,2 1995
2,3 2,3 1995
1,2 1,2 1996
2,3 2,3 1996
1,2 1,2 1997
2,3 2,3 1997
1,2 1,2 1998
2,3 2,3 1998
1,2 1,2 1999
2,3 2,3 1999
1,2 1,2 2000
2,3 2,3 2000
1,2 1,2 2001
2,3 2,3 2001
1,2 1,2 2002
2,3 2,3 2002
1,2 1,2 2003
2,3 2,3 2003
1,2 1,2 2004
2,3 2,3 2004
1,2 1,2 2005
2,3 2,3 2005
1,2 1,2 2006
2,3 2,3 2006
1,2 1,2 2007
2,3 2,3 2007
1,2 1,2 2008
2,3 2,3 2008
1,2 1,2 2009
2,3 2,3 2009
1,2 1,2 2010
2,3 2,3 2010
1,2 1,2 2011
2,3 2,3 2011
1,2 1,2 2012
2,3 2,3 2012
1,2 1,2 2013
2,3 2,3 2013
1,2 1,2 2014
2,3 2,3 2014
1,2 1,2 2015
2,3 2,3 2015
1,2 1,2 2016
2,3 2,3 2016
1,2 1,2 2017
2,3 2,3 2017
1,2 1,2 2018
2,3 2,3 2018
1,2 1,2 2019
2,3 2,3 2019
1,2 1,2 2020
2,3 2,3 2020
1,2 1,2 2021
2,3 2,3 2021
1,2 1,2 2022
2,3 2,3 2022
1,2 1,2 2023
2,3 2,3 2023
1,2 1,2 2024
2,3 2,3 2024
1,2 1,2 2025
2,3 2,3 2025
1,2 1,2 2026
2,3 2,3 2026
1,2 1,2 2027
2,3 2,3 2027
1,2 1,2 2028
2,3 2,3 2028
1,2 1,2 2029
2,3 2,3 2029
1,2 1,2 2030
2,3 2,3 2030
1,2 1,2 2031
2,3 2,3 2031
1,2 1,2 2032
2,3 2,3 2032
1,2 1,2 2033
2,3 2,3 2033
1,2 1,2 2034
2,3 2,3 2034
1,2 1,2 2035
2,3 2,3 2035
1,2 1,2 2036
2,3 2,3 2036
1,2 1,2 2037
2,3 2,3 2037
1,2 1,2 2038
2,3 2,3 2038
1,2 1,2 2039
2,3 2,3 2039
1,2 1,2 2040
2,3 2,3 2040
1,2 1,2 2041
2,3 2,3 2041
1,2 1,2 2042
2,3 2,3 2042
1,2 1,2 2043
2,3 2,3 2043
1,2 1,2 2044
2,3 2,3 2044
1,2 1,2 2045
2,3 2,3 2045
1,2 1,2 2046
2,3 2,3 2046
1,2 1,2 2047
2,3 2,3 2047
1,2 1,2 2048
2,3 2,3 2048
1,2 1,2 2049
2,3 2,3 2049
1,2 1,2 2050
2,3 2,3 2050
1,2 1,2 2051
2,3 2,3 2051
1,2 1,2 2052
2,3 2,3 2052
1,2 1,2 2053
2,3 2,3 2053
1,2 1,2 2054
2,3 2,3 2054
1,2 1,2 2055
2,3 2,3 2055
1,2 1,2 2056
2,3 2,3 2056
1,2 1,2 2057
2,3 2,3 2057
1,2 1,2 2058
2,3 2,3 2058
1,2 1,2 2059
2,3 2,3 2059
1,2 1,2 2060
2,3 2,3 2060
1,2 1,2 2061
2,3 2,3 2061
1,2 1,2 2062
2,3 2,3 2062
1,2 1,2 2063
2,3 2,3 2063
1,2 1,2 2064
2,3 2,3 2064
1,2 1,2 2065
2,3 2,3 2065
1,2 1,2 2066
2,3 2,3 2066
1,2 1,2 2067
2,3 2,3 2067
1,2 1,2 2068
2,3 2,3 2068
1,2 1,2 2069
2,3 2,3 2069
1,2 1,2 2070
2,3 2,3 2070
1,2 1,2 2071
2,3 2,3 2071
1,2 1,2 2072
2,3 2,3 2072
1,2 1,2 2073
2,3 2,3 2073
1,2 1,2 2074
2,3 2,3 2074
1,2 1,2 2075
2,3 2,3 2075
1,2 1,2 2076
2,3 2,3 2076
1,2 1,2 2077
2,3 2,3 2077
1,2 1,2 2078
2,3 2,3 2078
1,2 1,2 2079
2,3 2,3 2079
1,2 1,2 2080
2,3 2,3 2080
1,2 1,2 2081
2,3 2,3 2081
1,2 1,2 2082
2,3 2,3 2082
1,2 1,2 2083
2,3 2,3 2083
1,2 1,2 2084
2,3 2,3 2084
1,2 1,2 2085
2,3 2,3 2085
1,2 1,2 2086
2,3 2,3 2086
1,2 1,2 2087
2,3 2,3 2087
1,2 1,2 2088
2,3 2,3 2088
1,2 1,2 2089
2,3 2,3 2089
1,2 1,2 2090
2,3 2,3 2090
1,2 1,2 2091
2,3 2,3 2091
1,2 1,2 2092
2,3 2,3 2092
1,2 1,2 2093
2,3 2,3 2093
1,2 1,2 2094
2,3 2,3 2094
1,2 1,2 2095
2,3 2,3 2095
1,2 1,2 2096
2,3 2,3 2096
1,2 1,2 2097
2,3 2,3 2097
1,2 1,2 2098
2,3 2,3 2098
1,2 1,2 2099
2,3 2,3 2099
1,2 1,2 2100
2,3 2,3 2100
1,2 1,2 2101
2,3 2,3 2101
1,2 1,2 2102
2,3 2,3 2102
1,2 1,2 2103
2,3 2,3 2103
1,2 1,2 2104
2,3 2,3 2104
1,2 1,2 2105
2,3 2,3 2105
1,2 1,2 2106
2,3 2,3 2106
1,2 1,2 2107
2,3 2,3 2107
1,2 1,2 2108
2,3 2,3 2108
1,2 1,2 2109
2,3 2,3 2109
1,2 1,2 2110
2,3 2,3 2110
1,2 1,2 2111
2,3 2,3 2111
1,2 1,2 2112
2,3 2,3 2112
1,2 1,2 2113
2,3 2,3 2113
1,2 1,2 2114
2,3 2,3 2114
1,2 1,2 2115
2,3 2,3 2115
1,2 1,2 2116
2,3 2,3 2116
1,2 1,2 2117
2,3 2,3 2117
1,2 1,2 2118
2,3 2,3 2118
1,2 1,2 2119
2,3 2,3 2119
1,2 1,2 2120
2,3 2,3 2120
1,2 1,2 2121
2,3 2,3 2121
1,2 1,2 2122
2,3 2,3 2122
1,2 1,2 2123
2,3 2,3 2123
1,2 1,2 2124
2,3 2,3 2124
1,2 1,2 2125
2,3 2,3 2125
1,2 1,2 2126
2,3 2,3 2126
1,2 1,2 2127
2,3 2,3 2127
1,2 1,2 2128
2,3 2,3 2128
1,2 1,2 2129
2,3 2,3 2129
1,2 1,2 2130
2,3 2,3 2130
1,2 1,2 2131
2,3 2,3 2131
1,2 1,2 2132
2,3 2,3 2132
1,2 1,2 2133
2,3 2,3 2133
1,2 1,2 2134
2,3 2,3 2134
1,2 1,2 2135
2,3 2,3 2135
1,2 1,2 2136
2,3 2,3 2136
1,2 1,2 2137
2,3 2,3 2137
1,2 1,2 2138
2,3 2,3 2138
1,2 1,2 2139
2,3 2,3 2139
1,2 1,2 2140
2,3 2,3 2140
1,2 1,2 2141
2,3 2,3 2141
1,2 1,2 2142
2,3 2,3 2142
1,2 1,2 2143
2,3 2,3 2143
1,2 1,2 2144
2,3 2,3 2144
1,2 1,2 2145
2,3 2,3 2145
1,2 1,2 2146
2,3 2,3 2146
1,2 1,2 2147
2,3 2,3 2147
1,2 1,2 2148
2,3 2,3 2148
1,2 1,2 2149
2,3 2,3 2149
1,2 1,2 2150
2,3 2,3 2150
1,2 1,2 2151
2,3 2,3 2151
1,2 1,2 2152
2,3 2,3 2152
1,2 1,2 2153
2,3 2,3 2153
1,2 1,2 2154
2,3 2,3 2154
1,2 1,2 2155
2,3 2,3 2155
1,2 1,2 2156
2,3 2,3 2156
1,2 1,2 2157
2,3 2,3 2157
1,2 1,2 2158
2,3 2,3 2158
1,2 1,2 2159
2,3 2,3 2159
1,2 1,2 2160
2,3 2,3 2160
1,2 1,2 2161
2,3 2,3 2161
1,2 1,2 2162
2,3 2,3 2162
1,2 1,2 2163
2,3 2,3 2163
1,2 1,2 2164
2,3 2,3 2164
1,2 1,2 2165
2,3 2,3 2165
1,2 1,2 2166
2,3 2,3 2166
1,2 1,2 2167
2,3 2,3 2167
1,2 1,2 2168
2,3 2,3 2168
1,2 1,2 2169
2,3 2,3 2169
1,2 1,2 2170
2,3 2,3 2170
1,2 1,2 2171
2,3 2,3 2171
1,2 1,2 2172
2,3 2,3 2172
1,2 1,2 2173
2,3 2,3 2173
1,2 1,2 2174
2,3 2,3 2174
1,2 1,2 2175
2,3 2,3 2175
1,2 1,2 2176
2,3 2,3 2176
1,2 1,2 2177
2,3 2,3 2177
1,2 1,2 2178
2,3 2,3 2178
1,2 1,2 2179
2,3 2,3 2179
1,2 1,2 2180
2,3 2,3 2180
1,2 1,2 2181
2,3 2,3 2181
1,2 1,2 2182
2,3 2,3 2182
1,2 1,2 2183
2,3 2,3 2183
1,2 1,2 2184
2,3 2,3 2184
1,2 1,2 2185
2,3 2,3 2185
1,2 1,2 2186
2,3 2,3 2186
1,2 1,2 2187
2,3 2,3 2187
1,2 1,2 2188
2,3 2,3 2188
1,2 1,2 2189
2,3 2,3 2189
1,2 1,2 2190
2,3 2,3 2190
1,2 1,2 2191
2,3 2,3 2191
1,2 1,2 2192
2,3 2,3 2192
1,2 1,2 2193
2,3 2,3 2193
1,2 1,2 2194
2,3 2,3 2194
1,2 1,2 2195
2,3 2,3 2195
1,2 1,2 2196
2,3 2,3 2196
1,2 1,2 2197
2,3 2,3 2197
1,2 1,2 2198
2,3 2,3 2198
1,2 1,2 2199
2,3 2,3 2199
1,2 1,2 2200
2,3 2,3 2200
1,2 1,2 2201
2,3 2,3 2201
1,2 1,2 2202
2,3 2,3 2202
1,2 1,2 2203
2,3 2,3 2203
1,2 1,2 2204
2,3 2,3 2204
1,2 1,2 2205
2,3 2,3 2205
1,2 1,2 2206
2,3 2,3 2206
1,2 1,2 2207
2,3 2,3 2207
1,2 1,2 2208
2,3 2,3 2208
1,2 1,2 2209
2,3 2,3 2209
1,2 1,2 2210
2,3 2,3 2210
1,2 1,2 2211
2,3 2,3 2211
1,2 1,2 2212
2,3 2,3 2212
1,2 1,2 2213
2,3 2,3 2213
1,2 1,2 2214
2,3 2,3 2214
1,2 1,2 2215
2,3 2,3 2215
1,2 1,2 2216
2,3 2,3 2216
1,2 1,2 2217
2,3 2,3 2217
1,2 1,2 2218
2,3 2,3 2218
1,2 1,2 2219
2,3 2,3 2219
1,2 1,2 2220
2,3 2,3 2220
1,2 1,2 2221
2,3 2,3 2221
1,2 1,2 2222
2,3 2,3 2222
1,2 1,2 2223
2,3 2,3 2223
1,2 1,2 2224
2,3 2,3 2224
1,2 1,2 2225
2,3 2,3 2225
1,2 1,2 2226
2,3 2,3 2226
1,2 1,2 2227
2,3 2,3 2227
1,2 1,2 2228
2,3 2,3 2228
1,2 1,2 2229
2,3 2,3 2229
1,2 1,2 2230
2,3 2,3 2230
1,2 1,2 2231
2,3 2,3 2231
1,2 1,2 2232
2,3 2,3 2232
1,2 1,2 2233
2,3 2,3 2233
1,2 1,2 2234
2,3 2,3 2234
1,2 1,2 2235
2,3 2,3 2235
1,2 1,2 2236
2,3 2,3 2236
1,2 1,2 2237
2,3 2,3 2237
1,2 1,2 2238
2,3 2,3 2238
1,2 1,2 2239
2,3 2,3 2239
1,2 1,2 2240
2,3 2,3 2240
1,2 1,2 2241
2,3 2,3 2241
1,2 1,2 2242
2,3 2,3 2242
1,2 1,2 2243
2,3 2,3 2243
1,2 1,2 2244
2,3 2,3 2244
1,2 1,2 2245
2,3 2,3 2245
1,2 1,2 2246
2,3 2,3 2246
1,2 1,2 2247
2,3 2,3 2247
1,2 1,2 2248
2,3 2,3 2248
1,2 1,2 2249
2,3 2,3 2249
1,2 1,2 2250
2,3 2,3 2250
1,2 1,2 2251
2,3 2,3 2251
1,2 1,2 2252
2,3 2,3 2252
1,2 1,2 2253
2,3 2,3 2253
1,2 1,2 2254
2,3 2,3 2254
1,2 1,2 2255
2,3 2,3 2255
1,2 1,2 2256
2,3 2,3 2256
1,2 1,2 2257
2,3 2,3 2257
1,2 1,2 2258
2,3 2,3 2258
1,2 1,2 2259
2,3 2,3 2259
1,2 1,2 2260
2,3 2,3 2260
1,2 1,2 2261
2,3 2,3 2261
1,2 1,2 2262
2,3 2,3 2262
1,2 1,2 2263
2,3 2,3 2263
1,2 1,2 2264
2,3 2,3 2264
1,2 1,2 2265
2,3 2,3 2265
1,2 1,2 2266
2,3 2,3 2266
1,2 1,2 2267
2,3 2,3 2267
1,2 1,2 2268
2,3 2,3 2268
1,2 1,2 2269
2,3 2,3 2269
1,2 1,2 2270
2,3 2,3 2270
1,2 1,2 2271
2,3 2,3 2271
1,2 1,2 2272
2,3 2,3 2272
1,2 1,2 2273
2,3 2,3 2273
1,2 1,2 2274
2,3 2,3 2274
1,2 1,2 2275
2,3 2,3 2275
1,2 1,2 2276
2,3 2,3 2276
1,2 1,2 2277
2,3 2,3 2277
1,2 1,2 2278
2,3 2,3 2278
1,2 1,2 2279
2,3 2,3 2279
1,2 1,2 2280
2,3 2,3 2280
1,2 1,2 2281
2,3 2,3 2281
1,2 1,2 2282
2,3 2,3 2282
1,2 1,2 2283
2,3 2,3 2283
1,2 1,2 2284
2,3 2,3 2284
1,2 1,2 2285
2,3 2,3 2285
1,2 1,2 2286
2,3 2,3 2286
1,2 1,2 2287
2,3 2,3 2287
1,2 1,2 2288
2,3 2,3 2288
1,2 1,2 2289
2,3 2,3 2289
1,2 1,2 2290
2,3 2,3 2290
1,2 1,2 2291
2,3 2,3 2291
1,2 1,2 2292
2,3 2,3 2292
1,2 1,2 2293
2,3 2,3 2293
1,2 1,2 2294
2,3 2,3 2294
1,2 1,2 2295
2,3 2,3 2295
1,2 1,2 2296
2,3 2,3 2296
1,2 1,2 2297
2,3 2,3 2297
1,2 1,2 2298
2,3 2,3 2298
1,2 1,2 2299
2,3 2,3 2299
1,2 1,2 2300
2,3 2,3 2300
1,2 1,2 2301
2,3 2,3 2301
1,2 1,2 2302
2,3 2,3 2302
1,2 1,2 2303
2,3 2,3 2303
1,2 1,2 2304
2,3 2,3 2304
1,2 1,2 2305
2,3 2,3 2305
1,2 1,2 2306
2,3 2,3 2306
1,2 1,2 2307
2,3 2,3 2307
1,2 1,2 2308
2,3 2,3 2308
1,2 1,2 2309
2,3 2,3 2309
1,2 1,2 2310
2,3 2,3 2310
1,2 1,2 2311
2,3 2,3 2311
1,2 1,2 2312
2,3 2,3 2312
1,2 1,2 2313
2,3 2,3 2313
1,2 1,2 2314
2,3 2,3 2314
1,2 1,2 2315
2,3 2,3 2315
1,2 1,2 2316
2,3 2,3 2316
1,2 1,2 2317
2,3 2,3 2317
1,2 1,2 2318
2,3 2,3 2318
1,2 1,2 2319
2,3 2,3 2319
1,2 1,2 2320
2,3 2,3 2320
1,2 1,2 2321
2,3 2,3 2321
1,2 1,2 2322
2,3 2,3 2322
1,2 1,2 2323
2,3 2,3 2323
1,2 1,2 2324
2,3 2,3 2324
1,2 1,2 2325
2,3 2,3 2325
1,2 1,2 2326
2,3 2,3 2326
1,2 1,2 2327
2,3 2,3 2327
1,2 1,2 2328
2,3 2,3 2328
1,2 1,2 2329
2,3 2,3 2329
1,2 1,2 2330
2,3 2,3 2330
1,2 1,2 2331
2,3 2,3 2331
1,2 1,2 2332
2,3 2,3 2332
1,2 1,2 2333
2,3 2,3 2333
1,2 1,2 2334
2,3 2,3 2334
1,2 1,2 2335
2,3 2,3 2335
1,2 1,2 2336
2,3 2,3 2336
1,2 1,2 2337
2,3 2,3 2337
1,2 1,2 2338
2,3 2,3 2338
1,2 1,2 2339
2,3 2,3 2339
1,2 1,2 2340
2,3 2,3 2340
1,2 1,2 2341
2,3 2,3 2341
1,2 1,2 2342
2,3 2,3 2342
1,2 1,2 2343
2,3 2,3 2343
1,2 1,2 2344
2,3 2,3 2344
1,2 1,2 2345
2,3 2,3 2345
1,2 1,2 2346
2,3 2,3 2346
1,2 1,2 2347
2,3 2,3 2347
1,2 1,2 2348
2,3 2,3 2348
1,2 1,2 2349
2,3 2,3 2349
1,2 1,2 2350
2,3 2,3 2350
1,2 1,2 2351
2,3 2,3 2351
1,2 1,2 2352
2,3 2,3 2352
1,2 1,2 2353
2,3 2,3 2353
1,2 1,2 2354
2,3 2,3 2354
1,2 1,2 2355
2,3 2,3 2355
1,2 1,2 2356
2,3 2,3 2356
1,2 1,2 2357
2,3 2,3 2357
1,2 1,2 2358
2,3 2,3 2358
1,2 1,2 2359
2,3 2,3 2359
1,2 1,2 2360
2,3 2,3 2360
1,2 1,2 2361
2,3 2,3 2361
1,2 1,2 2362
2,3 2,3 2362
1,2 1,2 2363
2,3 2,3 2363
1,2 1,2 2364
2,3 2,3 2364
1,2 1,2 2365
2,3 2,3 2365
1,2 1,2 2366
2,3 2,3 2366
